        0.2100 1.804 -0.048
        0.2200 1.790 -0.035
        0.2300 1.780 -0.024
        0.2400 1.768 -0.017
        0.2500 1.763 -0.014
        0.2600 1.755 -0.008
        0.2700 1.751 -0.003
        0.2800 1.748 0.000
        0.2900 1.743 0.002
        0.3000 1.738 0.008
        0.3100 1.738 0.010
        0.3200 1.738 0.012
        0.3300 1.737 0.013
        0.3400 1.736 0.014
        0.3500 1.734 0.015
        0.3600 1.733 0.017
        0.3700 1.733 0.018
        0.3800 1.733 0.018
        0.3900 1.733 0.018
        0.4000 1.732 0.018
        0.4100 1.731 0.019
        0.4200 1.730 0.019
        0.4300 1.730 0.020
        0.4400 1.730 0.020
        0.4500 1.730 0.020
        0.4600 1.730 0.020
        0.4700 1.730 0.020
        0.4800 1.729 0.020
        0.4900 1.729 0.021
        0.5000 1.729 0.020
        0.5100 1.729 0.021
        0.5200 1.729 0.020
        0.5300 1.729 0.020
        0.5400 1.729 0.020
        0.5500 1.729 0.020
        0.5600 1.728 0.020
        0.5700 1.728 0.020
        0.5800 1.728 0.020
        0.5900 1.728 0.020
        0.6000 1.728 0.020
        0.6100 1.728 0.020
        0.6200 1.728 0.020
        0.6300 1.728 0.020
        0.6400 1.727 0.019
        0.6500 1.727 0.020
        0.6600 1.727 0.020
        0.6700 1.727 0.020
        0.6800 1.727 0.020
        0.6900 1.727 0.020
        0.7000 1.727 0.020
        0.7100 1.727 0.020
        0.7200 1.727 0.019
        0.7300 1.727 0.020
        0.7400 1.727 0.020
        0.7500 1.727 0.020
        0.7600 1.727 0.020
        0.7700 1.727 0.020
        0.7800 1.727 0.019
        0.7900 1.727 0.019
        0.8000 1.727 0.019
        0.8100 1.726 0.019
        0.8200 1.726 0.019
        0.8300 1.726 0.020
        0.8400 1.726 0.019
        0.8500 1.726 0.019
        0.8600 1.726 0.019
        0.8700 1.726 0.019
        0.8800 1.726 0.019
        0.8900 1.726 0.019
        0.9000 1.726 0.019
        0.9100 1.726 0.019
        0.9200 1.726 0.019
        0.9300 1.726 0.019
        0.9400 1.726 0.019
        0.9500 1.726 0.019
        0.9600 1.726 0.019
        0.9700 1.726 0.019
        0.9800 1.726 0.019
        0.9900 1.726 0.019
        1.0000 1.726 0.019
        1.0100 1.726 0.019
        1.0200 1.726 0.019
        1.0300 1.726 0.019
        1.0400 1.726 0.019
        1.0500 1.726 0.019
        1.0600 1.726 0.019
        1.0700 1.726 0.018
        1.0800 1.726 0.019
        1.0900 1.726 0.019
        1.1000 1.726 0.019
        1.1100 1.726 0.019
        1.1200 1.726 0.019
        1.1300 1.726 0.019
        1.1400 1.726 0.019
        1.1500 1.726 0.018
        1.1600 1.725 0.018
        1.1700 1.725 0.019
        1.1800 1.725 0.019
        1.1900 1.725 0.019
        1.2000 1.725 0.020
        1.2100 1.726 0.019
        1.2200 1.726 0.019
        1.2300 1.726 0.019
        1.2400 1.726 0.019
        1.2500 1.726 0.019
        1.2600 1.726 0.018
        1.2700 1.726 0.018
        1.2800 1.726 0.018
        1.2900 1.725 0.018
        1.3000 1.725 0.018
        1.3100 1.725 0.017
        1.3200 1.725 0.017
        1.3300 1.724 0.018
        1.3400 1.724 0.018
        1.3500 1.724 0.018
        1.3600 1.724 0.018
        1.3700 1.724 0.018
        1.3800 1.724 0.018
        1.3900 1.724 0.018
        1.4000 1.724 0.018
        1.4100 1.725 0.018
        1.4200 1.725 0.018
        1.4300 1.724 0.018
        1.4400 1.724 0.018
        1.4500 1.725 0.017
        1.4600 1.725 0.017
        1.4700 1.724 0.017
        1.4800 1.724 0.017
        1.4900 1.724 0.017
        1.5000 1.724 0.016
        1.5100 1.724 0.016
        1.5200 1.723 0.016
        1.5300 1.725 0.017
        1.5400 1.723 0.016
        1.5500 1.723 0.016
        1.5600 1.723 0.016
        1.5700 1.723 0.015
        1.5800 1.722 0.016
        1.5900 1.722 0.016
        1.6000 1.722 0.016
        1.6100 1.722 0.016
        1.6200 1.721 0.016
        1.6300 1.721 0.015
        1.6400 1.721 0.016
        1.6500 1.721 0.016
        1.6600 1.721 0.016
        1.6700 1.721 0.016
        1.6800 1.721 0.016
        1.6900 1.721 0.017
        1.7000 1.721 0.017
        1.7100 1.721 0.017
        1.7200 1.721 0.016
        1.7300 1.720 0.016
        1.7400 1.720 0.017
        1.7500 1.720 0.016
        1.7600 1.720 0.016
        1.7700 1.720 0.017
        1.7800 1.720 0.015
        1.7900 1.720 0.015
        1.8000 1.719 0.015
        1.8100 1.719 0.015
        1.8200 1.718 0.015
        1.8300 1.718 0.015
        1.8400 1.718 0.015
        1.8500 1.717 0.015
        1.8600 1.716 0.016
        1.8700 1.716 0.016
        1.8800 1.717 0.018
        1.8900 1.717 0.018
        1.9000 1.718 0.017
        1.9100 1.718 0.016
        1.9200 1.718 0.017
        1.9300 1.717 0.017
        1.9400 1.718 0.016
        1.9500 1.718 0.016
        1.9600 1.718 0.015
        1.9700 1.717 0.015
        1.9800 1.717 0.015
        1.9900 1.716 0.015
        2.0000 1.716 0.015
        2.0100 1.715 0.015
        2.0200 1.715 0.015
        2.0300 1.715 0.015
        2.0400 1.714 0.015
        2.0500 1.714 0.015
        2.0600 1.714 0.015
        2.0700 1.714 0.015
        2.0800 1.714 0.015
        2.0900 1.714 0.015
        2.1000 1.714 0.016
        2.1100 1.713 0.016
        2.1200 1.713 0.015
        2.1300 1.713 0.015
        2.1400 1.712 0.015
        2.1500 1.712 0.016
        2.1600 1.712 0.016
        2.1700 1.712 0.016
        2.1800 1.712 0.016
        2.1900 1.712 0.016
        2.2000 1.711 0.016
        2.2100 1.711 0.016
        2.2200 1.711 0.017
        2.2300 1.711 0.017
        2.2400 1.711 0.017
        2.2500 1.711 0.017
        2.2600 1.711 0.016
        2.2700 1.711 0.017
        2.2800 1.711 0.016
        2.2900 1.711 0.016
        2.3000 1.711 0.016
        2.3100 1.710 0.016
        2.3200 1.710 0.016
        2.3300 1.710 0.016
        2.3400 1.710 0.016
        2.3500 1.710 0.016
        2.3600 1.710 0.016
        2.3700 1.709 0.016
        2.3800 1.709 0.016
        2.3900 1.709 0.017
        2.4000 1.709 0.015
        2.4100 1.709 0.016
        2.4200 1.709 0.015
        2.4300 1.709 0.015
        2.4400 1.709 0.016
        2.4500 1.709 0.015
        2.4600 1.709 0.014
        2.4700 1.708 0.014
        2.4800 1.708 0.013
        2.4900 1.707 0.013
        2.5000 1.706 0.014
        2.5063 1.707 0.013
        2.5126 1.706 0.012
        2.5189 1.706 0.012
        2.5253 1.705 0.012
        2.5316 1.705 0.013
        2.5381 1.704 0.013
        2.5445 1.704 0.012
        2.5510 1.704 0.012
        2.5575 1.703 0.012
        2.5641 1.703 0.013
        2.5707 1.703 0.013
        2.5773 1.702 0.012
        2.5840 1.702 0.012
        2.5907 1.701 0.012
        2.5974 1.701 0.012
        2.6042 1.700 0.013
        2.6110 1.700 0.013
        2.6178 1.699 0.013
        2.6247 1.699 0.013
        2.6316 1.699 0.014
        2.6385 1.698 0.015
        2.6455 1.698 0.015
        2.6525 1.698 0.015
        2.6596 1.698 0.014
        2.6667 1.698 0.015
        2.6738 1.698 0.016
        2.6810 1.698 0.016
        2.6882 1.698 0.016
        2.6954 1.698 0.015
        2.7027 1.698 0.015
        2.7100 1.697 0.016
        2.7174 1.697 0.016
        2.7248 1.696 0.016
        2.7322 1.696 0.016
        2.7397 1.697 0.017
        2.7473 1.697 0.017
        2.7548 1.697 0.018
        2.7624 1.697 0.017
        2.7701 1.697 0.016
        2.7778 1.697 0.015
        2.7855 1.697 0.016
        2.7933 1.696 0.016
        2.8011 1.696 0.016
        2.8090 1.695 0.016
        2.8169 1.695 0.016
        2.8249 1.695 0.016
        2.8329 1.695 0.017
        2.8409 1.695 0.017
        2.8490 1.695 0.016
        2.8571 1.694 0.016
        2.8653 1.694 0.016
        2.8736 1.694 0.016
        2.8818 1.694 0.017
        2.8902 1.693 0.017
        2.8986 1.693 0.016
        2.9070 1.693 0.016
        2.9155 1.692 0.016
        2.9240 1.692 0.017
        2.9326 1.692 0.017
        2.9412 1.691 0.017
        2.9499 1.691 0.016
        2.9586 1.691 0.017
        2.9674 1.690 0.017
        2.9762 1.690 0.018
        2.9851 1.690 0.018
        2.9940 1.690 0.018