0.2000 0.976 2.036
        0.2099 0.971 2.217
        0.2198 0.988 2.398
        0.2297 1.026 2.577
        0.2396 1.085 2.751
        0.2495 1.166 2.917
        0.2594 1.270 3.068
        0.2693 1.395 3.193
        0.2792 1.530 3.280
        0.2891 1.654 3.325
        0.2990 1.745 3.339
        0.3090 1.795 3.347
        0.3189 1.814 3.369
        0.3288 1.817 3.415
        0.3387 1.820 3.482
        0.3486 1.829 3.563
        0.3585 1.847 3.652
        0.3684 1.875 3.742
        0.3783 1.910 3.831
        0.3882 1.950 3.914
        0.3981 1.990 3.993
        0.4080 2.030 4.069
        0.4179 2.067 4.143
        0.4278 2.102 4.217
        0.4377 2.137 4.292
        0.4476 2.172 4.369
        0.4575 2.209 4.447
        0.4674 2.247 4.524
        0.4773 2.288 4.602
        0.4872 2.330 4.678
        0.4971 2.375 4.753
        0.5071 2.421 4.826
        0.5170 2.468 4.896
        0.5269 2.516 4.965
        0.5368 2.565 5.031
        0.5467 2.614 5.094
        0.5566 2.663 5.155
        0.5665 2.712 5.213
        0.5764 2.759 5.269
        0.5863 2.806 5.322
        0.5962 2.852 5.373
        0.6061 2.896 5.422
        0.6160 2.938 5.470
        0.6259 2.979 5.516
        0.6358 3.018 5.561
        0.6457 3.055 5.606
        0.6556 3.090 5.649
        0.6655 3.124 5.692
        0.6754 3.156 5.735
        0.6853 3.186 5.778
        0.6952 3.214 5.820
        0.7052 3.242 5.863
        0.7151 3.268 5.906
        0.7250 3.293 5.950
        0.7349 3.317 5.993
        0.7448 3.340 6.038
        0.7547 3.362 6.082
        0.7646 3.384 6.127
        0.7745 3.405 6.173
        0.7844 3.425 6.218
        0.7943 3.445 6.264
        0.8042 3.464 6.311
        0.8141 3.484 6.358
        0.8240 3.502 6.405
        0.8339 3.521 6.452
        0.8438 3.539 6.500
        0.8537 3.557 6.548
        0.8636 3.574 6.596
        0.8735 3.592 6.644
        0.8834 3.609 6.692
        0.8933 3.626 6.741
        0.9033 3.643 6.790
        0.9132 3.660 6.838
        0.9231 3.676 6.887
        0.9330 3.693 6.937
        0.9429 3.709 6.986
        0.9528 3.725 7.035
        0.9627 3.741 7.084
        0.9726 3.757 7.134
        0.9825 3.772 7.184
        0.9924 3.788 7.233
        1.0023 3.803 7.283
        1.0122 3.819 7.333
        1.0221 3.834 7.382
        1.0320 3.849 7.432
        1.0419 3.863 7.482
        1.0518 3.878 7.532
        1.0617 3.893 7.582
        1.0716 3.907 7.632
        1.0815 3.921 7.683
        1.0914 3.936 7.733
        1.1014 3.950 7.783
        1.1113 3.964 7.833
        1.1212 3.977 7.884
        1.1311 3.991 7.934
        1.1410 4.005 7.985
        1.1509 4.018 8.035
        1.1608 4.032 8.086
        1.1707 4.045 8.137
        1.1806 4.058 8.188
        1.1905 4.071 8.238
        1.2004 4.084 8.289
        1.2103 4.097 8.340
        1.2202 4.110 8.391
        1.2301 4.123 8.442
        1.2400 4.135 8.494
        1.2499 4.148 8.545
        1.2598 4.160 8.596
        1.2697 4.173 8.648
        1.2796 4.185 8.699
        1.2895 4.197 8.751
        1.2994 4.209 8.802
        1.3094 4.221 8.854
        1.3193 4.233 8.906
        1.3292 4.245 8.958
        1.3391 4.257 9.009
        1.3490 4.269 9.062
        1.3589 4.281 9.114
        1.3688 4.293 9.166
        1.3787 4.305 9.218
        1.3886 4.316 9.270
        1.3985 4.328 9.323
        1.4084 4.339 9.375
        1.4183 4.351 9.428
        1.4282 4.363 9.480
        1.4381 4.374 9.533
        1.4480 4.386 9.586
        1.4579 4.397 9.639
        1.4678 4.409 9.692
        1.4777 4.420 9.745
        1.4876 4.432 9.798
        1.4975 4.443 9.851
        1.5075 4.454 9.905
        1.5174 4.466 9.958
        1.5273 4.477 10.011
        1.5372 4.489 10.065
        1.5471 4.500 10.119
        1.5570 4.512 10.172
        1.5669 4.523 10.226
        1.5768 4.534 10.280
        1.5867 4.546 10.334
        1.5966 4.557 10.388
        1.6065 4.569 10.442
        1.6164 4.580 10.496
        1.6263 4.592 10.550
        1.6362 4.604 10.605
        1.6461 4.615 10.659
        1.6560 4.627 10.713
        1.6659 4.638 10.768
        1.6758 4.650 10.822
        1.6857 4.662 10.877
        1.6956 4.674 10.932
        1.7056 4.685 10.986
        1.7155 4.697 11.041
        1.7254 4.709 11.096
        1.7353 4.721 11.151
        1.7452 4.733 11.206
        1.7551 4.745 11.261
        1.7650 4.757 11.316
        1.7749 4.769 11.371
        1.7848 4.782 11.427
        1.7947 4.794 11.482
        1.8046 4.806 11.537
        1.8145 4.818 11.593
        1.8244 4.831 11.648
        1.8343 4.843 11.703
        1.8442 4.856 11.759
        1.8541 4.868 11.815
        1.8640 4.881 11.870
        1.8739 4.894 11.926
        1.8838 4.907 11.982
        1.8937 4.919 12.037
        1.9037 4.932 12.093
        1.9136 4.945 12.149
        1.9235 4.958 12.205
        1.9334 4.971 12.261
        1.9433 4.985 12.317
        1.9532 4.998 12.373
        1.9631 5.011 12.429
        1.9730 5.025 12.485
        1.9829 5.038 12.541
        1.9928 5.052 12.597
        2.0027 5.065 12.653
        2.0126 5.079 12.709
        2.0225 5.093 12.765
        2.0324 5.107 12.822
        2.0423 5.121 12.878
        2.0522 5.135 12.934
        2.0621 5.149 12.990
        2.0720 5.163 13.047
        2.0819 5.177 13.103
        2.0918 5.192 13.159
        2.1018 5.206 13.216
        2.1117 5.221 13.272
        2.1216 5.235 13.328
        2.1315 5.250 13.385
        2.1414 5.265 13.441
        2.1513 5.280 13.498
        2.1612 5.295 13.554
        2.1711 5.310 13.610
        2.1810 5.325 13.667
        2.1909 5.340 13.723
        2.2008 5.356 13.780
        2.2107 5.371 13.836
        2.2206 5.386 13.893
        2.2305 5.402 13.949
        2.2404 5.418 14.006
        2.2503 5.433 14.062
        2.2602 5.449 14.118
        2.2701 5.465 14.175
        2.2800 5.481 14.231
        2.2899 5.497 14.288
        2.2998 5.514 14.344
        2.3098 5.530 14.401
        2.3197 5.546 14.457
        2.3296 5.563 14.513
        2.3395 5.579 14.570
        2.3494 5.596 14.626
        2.3593 5.613 14.683
        2.3692 5.629 14.739
        2.3791 5.646 14.795
        2.3890 5.663 14.852
        2.3989 5.680 14.908
        2.4088 5.698 14.964
        2.4187 5.715 15.020
        2.4286 5.732 15.077
        2.4385 5.750 15.133
        2.4484 5.767 15.189
        2.4583 5.785 15.245
        2.4682 5.802 15.302
        2.4781 5.820 15.358
        2.4880 5.838 15.414
        2.4979 5.856 15.470
        2.5079 5.874 15.526
        2.5178 5.892 15.582
        2.5277 5.910 15.638
        2.5376 5.929 15.694
        2.5475 5.947 15.750
        2.5574 5.966 15.806
        2.5673 5.984 15.862
        2.5772 6.003 15.918
        2.5871 6.022 15.974
        2.5970 6.040 16.029
        2.6069 6.059 16.085
        2.6168 6.078 16.141
        2.6267 6.097 16.197
        2.6366 6.117 16.252
        2.6465 6.136 16.308
        2.6564 6.155 16.363
        2.6663 6.175 16.419
        2.6762 6.194 16.474
        2.6861 6.214 16.530
        2.6960 6.233 16.585
        2.7060 6.253 16.641
        2.7159 6.273 16.696
        2.7258 6.293 16.751
        2.7357 6.313 16.807
        2.7456 6.333 16.862
        2.7555 6.353 16.917
        2.7654 6.373 16.972
        2.7753 6.394 17.027
        2.7852 6.414 17.082
        2.7951 6.434 17.137
        2.8050 6.455 17.192
        2.8149 6.476 17.247
        2.8248 6.496 17.302
        2.8347 6.517 17.357
        2.8446 6.538 17.412
        2.8545 6.559 17.466
        2.8644 6.580 17.521
        2.8743 6.601 17.576
        2.8842 6.622 17.630
        2.8941 6.643 17.685
        2.9041 6.665 17.739
        2.9140 6.686 17.794
        2.9239 6.708 17.848
        2.9338 6.729 17.902
        2.9437 6.751 17.957
        2.9536 6.772 18.011
        2.9635 6.794 18.065
        2.9734 6.816 18.119
        2.9833 6.838 18.173
        2.9932 6.860 18.227
        3.0031 6.882 18.281
        3.0130 6.904 18.335
        3.0229 6.926 18.389
        3.0328 6.949 18.443
        3.0427 6.971 18.496
        3.0526 6.993 18.550
        3.0625 7.016 18.604
        3.0724 7.038 18.657
        3.0823 7.061 18.711
        3.0922 7.084 18.764
        3.1022 7.106 18.817
        3.1121 7.129 18.871
        3.1220 7.152 18.924
        3.1319 7.175 18.977
        3.1418 7.198 19.030
        3.1517 7.221 19.083
        3.1616 7.244 19.136
        3.1715 7.267 19.189
        3.1814 7.291 19.242
        3.1913 7.314 19.295
        3.2012 7.337 19.348
        3.2111 7.361 19.400
        3.2210 7.384 19.453
        3.2309 7.408 19.506
        3.2408 7.431 19.558
        3.2507 7.455 19.610
        3.2606 7.479 19.663
        3.2705 7.503 19.715
        3.2804 7.526 19.767
        3.2903 7.550 19.820
        3.3003 7.574 19.872
        3.3102 7.598 19.924
        3.3201 7.623 19.976
        3.3300 7.647 20.028
        3.3399 7.671 20.080
        3.3498 7.695 20.131
        3.3597 7.720 20.183
        3.3696 7.744 20.235
        3.3795 7.768 20.286
        3.3894 7.793 20.338
        3.3993 7.817 20.389
        3.4092 7.842 20.441
        3.4191 7.867 20.492
        3.4290 7.891 20.543
        3.4389 7.916 20.595
        3.4488 7.941 20.646
        3.4587 7.966 20.697
        3.4686 7.991 20.748
        3.4785 8.016 20.799
        3.4884 8.041 20.850
        3.4983 8.066 20.900
        3.5083 8.091 20.951
        3.5182 8.116 21.002
        3.5281 8.141 21.052
        3.5380 8.167 21.103
        3.5479 8.192 21.153
        3.5578 8.217 21.204
        3.5677 8.243 21.254
        3.5776 8.268 21.304
        3.5875 8.294 21.355
        3.5974 8.319 21.405
        3.6073 8.345 21.455
        3.6172 8.371 21.505
        3.6271 8.396 21.555
        3.6370 8.422 21.605
        3.6469 8.448 21.654
        3.6568 8.474 21.704
        3.6667 8.500 21.754
        3.6766 8.526 21.803
        3.6865 8.552 21.853
        3.6964 8.578 21.902
        3.7064 8.604 21.952
        3.7163 8.630 22.001
        3.7262 8.656 22.050
        3.7361 8.682 22.099
        3.7460 8.708 22.148
        3.7559 8.735 22.197
        3.7658 8.761 22.246
        3.7757 8.787 22.295
        3.7856 8.814 22.344
        3.7955 8.840 22.393
        3.8054 8.867 22.441
        3.8153 8.893 22.490
        3.8252 8.920 22.538
        3.8351 8.946 22.587
        3.8450 8.973 22.635
        3.8549 8.999 22.684
        3.8648 9.026 22.732
        3.8747 9.053 22.780
        3.8846 9.080 22.828
        3.8945 9.106 22.876
        3.9045 9.133 22.924
        3.9144 9.160 22.972
        3.9243 9.187 23.020
        3.9342 9.214 23.068
        3.9441 9.241 23.115
        3.9540 9.268 23.163
        3.9639 9.295 23.211
        3.9738 9.322 23.258
        3.9837 9.349 23.305
        3.9936 9.376 23.353
        4.0035 9.404 23.400
        4.0134 9.431 23.447
        4.0233 9.458 23.494
        4.0332 9.485 23.541
        4.0431 9.513 23.588
        4.0530 9.540 23.635
        4.0629 9.567 23.682
        4.0728 9.595 23.729
        4.0827 9.622 23.776
        4.0926 9.650 23.822
        4.1026 9.677 23.869
        4.1125 9.705 23.915
        4.1224 9.732 23.962
        4.1323 9.760 24.008
        4.1422 9.788 24.054
        4.1521 9.815 24.101
        4.1620 9.843 24.147
        4.1719 9.870 24.193
        4.1818 9.898 24.239
        4.1917 9.926 24.285
        4.2016 9.954 24.331
        4.2115 9.982 24.376
        4.2214 10.009 24.422
        4.2313 10.037 24.468
        4.2412 10.065 24.513
        4.2511 10.093 24.559
        4.2610 10.121 24.604
        4.2709 10.149 24.650
        4.2808 10.177 24.695
        4.2907 10.205 24.740
        4.3007 10.233 24.786
        4.3106 10.261 24.831
        4.3205 10.289 24.876
        4.3304 10.317 24.921
        4.3403 10.345 24.966
        4.3502 10.373 25.010
        4.3601 10.401 25.055
        4.3700 10.430 25.100
        4.3799 10.458 25.145
        4.3898 10.486 25.189
        4.3997 10.514 25.234
        4.4096 10.543 25.278
        4.4195 10.571 25.322
        4.4294 10.599 25.367
        4.4393 10.628 25.411
        4.4492 10.656 25.455
        4.4591 10.684 25.499
        4.4690 10.713 25.543
        4.4789 10.741 25.587
        4.4888 10.769 25.631
        4.4987 10.798 25.675
        4.5087 10.826 25.719
        4.5186 10.855 25.762
        4.5285 10.883 25.806
        4.5384 10.912 25.849
        4.5483 10.940 25.893
        4.5582 10.969 25.936
        4.5681 10.998 25.980
        4.5780 11.026 26.023
        4.5879 11.055 26.066
        4.5978 11.083 26.109
        4.6077 11.112 26.152
        4.6176 11.141 26.195
        4.6275 11.169 26.238
        4.6374 11.198 26.281
        4.6473 11.227 26.324
        4.6572 11.255 26.367
        4.6671 11.284 26.409
        4.6770 11.313 26.452
        4.6869 11.342 26.495
        4.6968 11.370 26.537
        4.7068 11.399 26.580
        4.7167 11.428 26.622
        4.7266 11.457 26.664
        4.7365 11.486 26.706
        4.7464 11.514 26.749
        4.7563 11.543 26.791
        4.7662 11.572 26.833
        4.7761 11.601 26.875
        4.7860 11.630 26.917
        4.7959 11.659 26.958
        4.8058 11.688 27.000
        4.8157 11.717 27.042
        4.8256 11.746 27.084
        4.8355 11.774 27.125
        4.8454 11.803 27.167
        4.8553 11.832 27.208
        4.8652 11.861 27.249
        4.8751 11.890 27.291
        4.8850 11.919 27.332
        4.8949 11.948 27.373
        4.9049 11.977 27.414
        4.9148 12.006 27.455
        4.9247 12.035 27.496
        4.9346 12.064 27.537
        4.9445 12.094 27.578
        4.9544 12.123 27.619
        4.9643 12.152 27.660
        4.9742 12.181 27.701
        4.9841 12.210 27.741
        4.9940 12.239 27.782
        5.0039 12.268 27.822
        5.0138 12.297 27.863
        5.0237 12.326 27.903
        5.0336 12.355 27.943
        5.0435 12.385 27.984
        5.0534 12.414 28.024
        5.0633 12.443 28.064
        5.0732 12.472 28.104
        5.0831 12.501 28.144
        5.0930 12.530 28.184
        5.1030 12.559 28.224
        5.1129 12.589 28.264
        5.1228 12.618 28.303
        5.1327 12.647 28.343
        5.1426 12.676 28.383
        5.1525 12.705 28.422
        5.1624 12.735 28.462
        5.1723 12.764 28.501
        5.1822 12.793 28.541
        5.1921 12.822 28.580
        5.2020 12.852 28.619
        5.2119 12.881 28.659
        5.2218 12.910 28.698
        5.2317 12.939 28.737
        5.2416 12.968 28.776
        5.2515 12.998 28.815
        5.2614 13.027 28.854
        5.2713 13.056 28.893
        5.2812 13.085 28.931
        5.2911 13.115 28.970
        5.3011 13.144 29.009
        5.3110 13.173 29.047
        5.3209 13.203 29.086
        5.3308 13.232 29.125
        5.3407 13.261 29.163
        5.3506 13.290 29.201
        5.3605 13.320 29.240
        5.3704 13.349 29.278
        5.3803 13.378 29.316
        5.3902 13.408 29.354
        5.4001 13.437 29.392
        5.4100 13.466 29.431
        5.4199 13.495 29.468
        5.4298 13.525 29.506
        5.4397 13.554 29.544
        5.4496 13.583 29.582
        5.4595 13.613 29.620
        5.4694 13.642 29.658
        5.4793 13.671 29.695
        5.4892 13.700 29.733
        5.4991 13.730 29.770
        5.5091 13.759 29.808
        5.5190 13.788 29.845
        5.5289 13.818 29.883
        5.5388 13.847 29.920
        5.5487 13.876 29.957
        5.5586 13.906 29.994
        5.5685 13.935 30.031
        5.5784 13.964 30.069
        5.5883 13.993 30.106
        5.5982 14.023 30.143
        5.6081 14.052 30.179
        5.6180 14.081 30.216
        5.6279 14.111 30.253
        5.6378 14.140 30.290
        5.6477 14.169 30.327
        5.6576 14.198 30.363
        5.6675 14.228 30.400
        5.6774 14.257 30.436
        5.6873 14.286 30.473
        5.6972 14.316 30.509
        5.7072 14.345 30.546
        5.7171 14.374 30.582
        5.7270 14.403 30.618
        5.7369 14.433 30.654
        5.7468 14.462 30.691
        5.7567 14.491 30.727
        5.7666 14.521 30.763
        5.7765 14.550 30.799
        5.7864 14.579 30.835
        5.7963 14.608 30.871
        5.8062 14.638 30.906
        5.8161 14.667 30.942
        5.8260 14.696 30.978
        5.8359 14.725 31.014
        5.8458 14.755 31.049
        5.8557 14.784 31.085
        5.8656 14.813 31.120
        5.8755 14.842 31.156
        5.8854 14.871 31.191
        5.8953 14.901 31.227
        5.9053 14.930 31.262
        5.9152 14.959 31.297
        5.9251 14.988 31.332
        5.9350 15.018 31.367
        5.9449 15.047 31.403
        5.9548 15.076 31.438
        5.9647 15.105 31.473
        5.9746 15.134 31.508
        5.9845 15.163 31.542