0.250   2.3505	0.2113379
0.260	2.3552	0.1801257
0.270	2.3513	0.1544102
0.280   2.3414	0.1331719
0.290	2.3274	0.1156021
0.300	2.3105	0.1010547
0.310	2.2918	0.08900975
0.320	2.272	0.07904635
0.330	2.2516	0.07082141
0.340	2.231	0.06405398
0.350	2.2106	0.05851254
0.360	2.1904	0.05400554
0.370	2.1708	0.05037373
0.380	2.1516	0.04748415
0.390	2.1331	0.04522533
0.400	2.1152	0.04350352
0.410	2.098	0.04223955
0.420	2.0815	0.04136638
0.430	2.0657	0.04082706
0.440	2.0505	0.04057307
0.450	2.036	0.04056298
0.460	2.0221	0.0407613
0.470	2.0088	0.04113761
0.480	1.9961	0.04166571
0.490	1.9839	0.04232306
0.500	1.9723	0.04309022
0.510	1.9613	0.04395034
0.520	1.9507	0.04488888
0.530	1.9405	0.04589323
0.540	1.9308	0.04695242
0.550	1.9216	0.04805696
0.560	1.9127	0.04919859
0.570	1.9042	0.05037013
0.580	1.8961	0.05156533
0.590	1.8883	0.05277875
0.600	1.8808	0.05400567
0.610	1.8737	0.05524196
0.620	1.8668	0.05648406
0.630	1.8602	0.05772886
0.640	1.8539	0.05897364
0.650	1.8478	0.06021609
0.660	1.842	0.06145417
0.670	1.8364	0.06268614
0.680	1.831	0.06391049
0.690	1.8259	0.06512594
0.700	1.8209	0.06633137
0.710	1.8161	0.06752584
0.720	1.8115	0.06870857
0.730	1.807	0.06987888
0.740	1.8028	0.07103622
0.750	1.7986	0.07218014
0.760	1.7946	0.07331026
0.770	1.7908	0.07442628
0.780	1.7871	0.07552799
0.790	1.7835	0.07661521
0.800	1.7801	0.07768784
0.810	1.7767	0.0787458
0.820	1.7735	0.07978907
0.830	1.7704	0.08081765
0.840	1.7674	0.08183157
0.850	1.7645	0.0828309